	Replicate	Dep Power (W)	O2 Flow (sccm)	Dep Press (mTorr)	Dep Temp (°C)	Ox Temp (°C)	Ox Press (atm)	Ox Time (min)	Vac Ann Temp (°C)	Vac Ann Time (min)	Dep Thickness (nm)	Batch	Dep Rate (nm/min)	Dep Time (min)	min	sec	Hall mobility (cm^2/V*s)	Carrier concentration (#/cm^3)
1	1	3	4.4	4.3	425	557	1	98.8	584.1	90.1	7.7	Batch 1	0.24	32.08333	32	5	<Contact Fail>	<Contact Fail>
1	2	3	4.4	4.3	425	557	1	98.8	584.1	90.1	7.7	Batch 1	0.24	32.08333	32	5	<Contact Fail>	<Contact Fail>
1	3	3	4.4	4.3	425	557	1	98.8	584.1	90.1	7.7	Batch 1	0.24	32.08333	32	5	<Contact Fail>	<Contact Fail>
2	1	28	11.5	9.7	25	476.8	0.02	14.3	155.4	18.1	5.1	Batch 1	1.6	3.1875	3	11	4.36	1.74E+20
2	2	28	11.5	9.7	25	476.8	0.02	14.3	155.4	18.1	5.1	Batch 1	1.6	3.1875	3	11	4.33	1.60E+20
2	3	28	11.5	9.7	25	476.8	0.02	14.3	155.4	18.1	5.1	Batch 1	1.6	3.1875	3	11	4.49	1.58E+20
3	1	40	9.1	3.4	425	262.5	0.02	71.7	400	57.9	2.2	Batch 1	4.8	0.458333	0	28	3.89	1.96E+20
3	2	40	9.1	3.4	425	262.5	0.02	71.7	400	57.9	2.2	Batch 1	4.8	0.458333	0	28	4.14	1.92E+20
3	3	40	9.1	3.4	425	262.5	0.02	71.7	400	57.9	2.2	Batch 1	4.8	0.458333	0	28	4.26	1.83E+20
4	1	14	16.9	6.6	25	774.1	1	39.9	728.4	73.6	9.3	Batch 1	1	9.3	9	18	<Contact Fail>	<Contact Fail>
4	2	14	16.9	6.6	25	774.1	1	39.9	728.4	73.6	9.3	Batch 1	1	9.3	9	18	<Contact Fail>	<Contact Fail>
4	3	14	16.9	6.6	25	774.1	1	39.9	728.4	73.6	9.3	Batch 1	1	9.3	9	18	<Contact Fail>	<Contact Fail>
5	1	19	7	8.5	25	661.6	1	82.5	288.6	31	3.5	Batch 1	1.4	2.5	2	30	1.91	5.61E+19
5	2	19	7	8.5	25	661.6	1	82.5	288.6	31	3.5	Batch 1	1.4	2.5	2	30	2.62	4.60E+19
5	3	19	7	8.5	25	661.6	1	82.5	288.6	31	3.5	Batch 1	1.4	2.5	2	30	2.06	5.29E+19
6	1	34	19.1	5.6	425	300	0.02	58.2	620.4	77.2	5.9	Batch 1	3.1	1.903226	1	54	<Contact Fail>	<Contact Fail>
6	2	34	19.1	5.6	425	300	0.02	58.2	620.4	77.2	5.9	Batch 1	3.1	1.903226	1	54	<Contact Fail>	<Contact Fail>
6	3	34	19.1	5.6	425	300	0.02	58.2	620.4	77.2	5.9	Batch 1	3.1	1.903226	1	54	<Contact Fail>	<Contact Fail>
7	1	23	1.6	7.3	25	364.3	0.02	118	474.1	117	8.6	Batch 1	2.2	3.909091	3	55	7.25	5.66E+19
7	2	23	1.6	7.3	25	364.3	0.02	118	474.1	117	8.6	Batch 1	2.2	3.909091	3	55	6.71	5.85E+19
7	3	23	1.6	7.3	25	364.3	0.02	118	474.1	117	8.6	Batch 1	2.2	3.909091	3	55	6.58	5.81E+19
8	1	8	14.2	2.6	425	594.5	1	26.1	48.9	14.6	1.7	Batch 1	0.8	2.125	2	8	1.7	1.19E+20
8	2	8	14.2	2.6	425	594.5	1	26.1	48.9	14.6	1.7	Batch 1	0.8	2.125	2	8	1.43	1.47E+20
8	3	8	14.2	2.6	425	594.5	1	26.1	48.9	14.6	1.7	Batch 1	0.8	2.125	2	8	1.34	1.85E+20
9	1	7	8.7	7.6	425	429.6	1	81	229.6	42.4	9.6	Batch 1	0.48	20	20	0	2.98	5.51E+19
9	2	7	8.7	7.6	425	429.6	1	81	229.6	42.4	9.6	Batch 1	0.48	20	20	0	3.14	4.55E+19
9	3	7	8.7	7.6	425	429.6	1	81	229.6	42.4	9.6	Batch 1	0.48	20	20	0	2.84	5.06E+19
10	1	22	15.7	2.4	25	536.8	0.02	45.4	655.2	88.1	3	Batch 1	2.5	1.2	1	12	<Contact Fail>	<Contact Fail>
10	2	22	15.7	2.4	25	536.8	0.02	45.4	655.2	88.1	3	Batch 1	2.5	1.2	1	12	<Contact Fail>	<Contact Fail>
10	3	22	15.7	2.4	25	536.8	0.02	45.4	655.2	88.1	3	Batch 1	2.5	1.2	1	12	<Contact Fail>	<Contact Fail>
11	1	31	3.7	8.7	425	732.2	0.02	108.5	415.1	105.6	4.7	Batch 1	2.6	1.807692	1	48	<Contact Fail>	<Contact Fail>
11	2	31	3.7	8.7	425	732.2	0.02	108.5	415.1	105.6	4.7	Batch 1	2.6	1.807692	1	48	<Contact Fail>	<Contact Fail>
11	3	31	3.7	8.7	425	732.2	0.02	108.5	415.1	105.6	4.7	Batch 1	2.6	1.807692	1	48	<Contact Fail>	<Contact Fail>
12	1	15	11.3	5.3	25	231.1	1	20.3	83.7	3.6	6.9	Batch 1	1.4	4.928571	4	56	0.94	2.79E+20
12	2	15	11.3	5.3	25	231.1	1	20.3	83.7	3.6	6.9	Batch 1	1.4	4.928571	4	56	0.9	2.68E+20
12	3	15	11.3	5.3	25	231.1	1	20.3	83.7	3.6	6.9	Batch 1	1.4	4.928571	4	56	0.67	3.24E+20
13	1	10	1.5	3.7	25	343.6	1	96.8	546.2	101.5	1.5	Batch 1	1.2	1.25	1	15	<Contact Fail>	<Contact Fail>
13	2	10	1.5	3.7	25	343.6	1	96.8	546.2	101.5	1.5	Batch 1	1.2	1.25	1	15	<Contact Fail>	<Contact Fail>
13	3	10	1.5	3.7	25	343.6	1	96.8	546.2	101.5	1.5	Batch 1	1.2	1.25	1	15	<Contact Fail>	<Contact Fail>
14	1	36	13.4	6.3	425	694.7	0.02	1.1	217.4	29.1	7.8	Batch 1	3.1	2.516129	2	31	9.91	1.74E+19
14	2	36	13.4	6.3	425	694.7	0.02	1.1	217.4	29.1	7.8	Batch 1	3.1	2.516129	2	31	<Contact Fail>	<Contact Fail>
14	3	36	13.4	6.3	425	694.7	0.02	1.1	217.4	29.1	7.8	Batch 1	3.1	2.516129	2	31	6.28	1.53E+19
15	1	27	6	4.5	25	649.3	0.02	62.7	362.2	46.5	6.2	Batch 1	3	2.066667	2	4	8.68	3.16E+19
15	2	27	6	4.5	25	649.3	0.02	62.7	362.2	46.5	6.2	Batch 1	3	2.066667	2	4	8.91	3.17E+19
15	3	27	6	4.5	25	649.3	0.02	62.7	362.2	46.5	6.2	Batch 1	3	2.066667	2	4	8.94	3.26E+19
16	1	2	18.5	9.5	425	392.1	1	34.7	790.5	62.7	4.4	Batch 1	0.06	73.33333	73	20	<Contact Fail>	<Contact Fail>
16	2	2	18.5	9.5	425	392.1	1	34.7	790.5	62.7	4.4	Batch 1	0.06	73.33333	73	20	<Contact Fail>	<Contact Fail>
16	3	2	18.5	9.5	425	392.1	1	34.7	790.5	62.7	4.4	Batch 1	0.06	73.33333	73	20	<Contact Fail>	<Contact Fail>
17	1	0	5.4	2.1	25	790.9	0.02	10.8	322.7	85.6	5.7	Batch 1	0	#DIV/0!	#DIV/0!	#DIV/0!	<Contact Fail>	<Contact Fail>
17	2	0	5.4	2.1	25	790.9	0.02	10.8	322.7	85.6	5.7	Batch 1	0	#DIV/0!	#DIV/0!	#DIV/0!	<Contact Fail>	<Contact Fail>
17	3	0	5.4	2.1	25	790.9	0.02	10.8	322.7	85.6	5.7	Batch 1	0	#DIV/0!	#DIV/0!	#DIV/0!	<Contact Fail>	<Contact Fail>
18	1	26	17.9	7.9	425	243	1	102.5	757.3	37.6	3.5	Batch 1	1.8	1.944444	1	57	<Contact Fail>	<Contact Fail>
18	2	26	17.9	7.9	425	243	1	102.5	757.3	37.6	3.5	Batch 1	1.8	1.944444	1	57	<Contact Fail>	<Contact Fail>
18	3	26	17.9	7.9	425	243	1	102.5	757.3	37.6	3.5	Batch 1	1.8	1.944444	1	57	<Contact Fail>	<Contact Fail>
19	1	37	0.8	5.2	25	497.4	1	43.8	512.8	6.1	1.9	Batch 1	4.3	0.44186	0	27	2.28	2.36E+20
19	2	37	0.8	5.2	25	497.4	1	43.8	512.8	6.1	1.9	Batch 1	4.3	0.44186	0	27	2.49	2.01E+20
19	3	37	0.8	5.2	25	497.4	1	43.8	512.8	6.1	1.9	Batch 1	4.3	0.44186	0	27	2.47	2.12E+20
20	1	12	12.8	8.8	425	539	0.02	68.2	178.3	110.4	8.6	Batch 1	0.7	12.28571	12	17	7.28	2.50E+19
20	2	12	12.8	8.8	425	539	0.02	68.2	178.3	110.4	8.6	Batch 1	0.7	12.28571	12	17	7.66	2.74E+19
20	3	12	12.8	8.8	425	539	0.02	68.2	178.3	110.4	8.6	Batch 1	0.7	12.28571	12	17	7.67	2.59E+19
21	1	17	3.1	6.1	425	576.5	0.02	54.5	454.7	24.7	5.4	Batch 1	1.7	3.176471	3	11	7.48	5.16E+19
21	2	17	3.1	6.1	425	576.5	0.02	54.5	454.7	24.7	5.4	Batch 1	1.7	3.176471	3	11	7.37	4.56E+19
21	3	17	3.1	6.1	425	576.5	0.02	54.5	454.7	24.7	5.4	Batch 1	1.7	3.176471	3	11	7.67	4.95E+19
22	1	32	10.7	3.9	25	384.9	1	86.4	116.8	98.5	7.2	Batch 1	3.6	2	2	0	5.58	1.28E+20
22	2	32	10.7	3.9	25	384.9	1	86.4	116.8	98.5	7.2	Batch 1	3.6	2	2	0	4.98	1.38E+20
22	3	32	10.7	3.9	25	384.9	1	86.4	116.8	98.5	7.2	Batch 1	3.6	2	2	0	4.89	1.38E+20
23	1	21	8.1	9.1	425	280.5	1	30	263.1	67.1	9	Batch 1	1.5	6	6	0	0.92	5.01E+19
23	2	21	8.1	9.1	425	280.5	1	30	263.1	67.1	9	Batch 1	1.5	6	6	0	1.01	3.87E+19
23	3	21	8.1	9.1	425	280.5	1	30	263.1	67.1	9	Batch 1	1.5	6	6	0	1.01	3.34E+19
